144.9693468 -37.81400035 0.0005
144.9449387 -37.81397639 0.0005
144.9613939 -37.81379592 0.0005
144.9719062 -37.81197865 0.0005
144.9698108 -37.79983388 0.0005
144.9633055 -37.80613136 0.0005
144.9493749 -37.81999949 0.0005
144.9632686 -37.81705701 0.0005
144.975872 -37.81280015 0.0005
144.9592877 -37.81714101 0.0005
144.9570948 -37.81687975 0.0005
144.962171 -37.81616143 0.0005
144.9658025 -37.81472249 0.0005
144.9701103 -37.81281419 0.0005
144.9548355 -37.80597506 0.0005
144.959416 -37.81446322 0.0005
144.9378512 -37.81316939 0.0005
144.9689599 -37.81638161 0.0005
144.9599978 -37.81678801 0.0005
144.9560016 -37.81349648 0.0005
144.9658025 -37.81472249 0.0005
144.9617512 -37.81214255 0.0005
144.9715772 -37.81501688 0.0005
144.9580507 -37.81068966 0.0005
144.9592171 -37.81698691 0.0005
144.9638435 -37.81247035 0.0005
144.9524499 -37.82542999 0.0005
144.972721 -37.81546171 0.0005
144.94712 -37.81080101 0.0005
144.9570995 -37.8043608 0.0005
144.9535427 -37.82258101 0.0005
144.9636683 -37.81683919 0.0005
144.9720506 -37.81012626 0.0005
144.9633005 -37.81556658 0.0005
144.966274 -37.83069486 0.0005
144.9624375 -37.81798972 0.0005
144.9730933 -37.81316771 0.0005
144.9513073 -37.80377512 0.0005
144.9602253 -37.81261382 0.0005
144.9499989 -37.80263323 0.0005
144.9674252 -37.81583755 0.0005
144.9638435 -37.81247035 0.0005
144.9654264 -37.81232961 0.0005
144.9687511 -37.8054064 0.0005
144.9833995 -37.84761554 0.0005
144.9589994 -37.80771228 0.0005
144.9613891 -37.81825093 0.0005
144.970008 -37.81423976 0.0005
144.9616995 -37.80322394 0.0005
144.9673118 -37.80446382 0.0005
144.9327081 -37.78868086 0.0005
144.9012645 -37.82998456 0.0005
144.9702869 -37.81395614 0.0005
144.9566606 -37.80445172 0.0005
144.9707552 -37.81590475 0.0005
144.9510234 -37.80191986 0.0005
144.95562 -37.79863148 0.0005
144.970669 -37.81363931 0.0005
144.9633005 -37.81556658 0.0005
144.9719062 -37.81197865 0.0005
144.9601681 -37.81091502 0.0005
144.9253861 -37.82302799 0.0005
144.9160963 -37.82071143 0.0005
144.9445475 -37.80003804 0.0005
144.9569817 -37.80576389 0.0005
144.9601295 -37.81264236 0.0005
144.9407371 -37.78971908 0.0005
144.9540002 -37.80143002 0.0005
144.9532516 -37.81166329 0.0005
144.960819 -37.81804617 0.0005
144.9570178 -37.81647379 0.0005
144.9569204 -37.80362164 0.0005
144.9602916 -37.81485871 0.0005
144.9378512 -37.81316939 0.0005
144.9733542 -37.81384322 0.0005
144.9587722 -37.81493694 0.0005
144.9686292 -37.80357383 0.0005
144.9605226 -37.80918734 0.0005
144.9626888 -37.81601818 0.0005
144.9535751 -37.80462045 0.0005
144.9576703 -37.80762482 0.0005
144.9561387 -37.81569888 0.0005
144.9715058 -37.81083601 0.0005
144.9618186 -37.8151457 0.0005
144.963076 -37.81845174 0.0005
144.9333549 -37.79807223 0.0005
144.9620739 -37.80909777 0.0005
144.94712 -37.81080101 0.0005
144.9643732 -37.8155277 0.0005
144.9626781 -37.80779198 0.0005
144.9543656 -37.81818416 0.0005
144.9253861 -37.82302799 0.0005
144.9566569 -37.81987545 0.0005
144.9656338 -37.80658311 0.0005
144.9605406 -37.81181418 0.0005
144.9614345 -37.81730574 0.0005
144.9680284 -37.81533971 0.0005
144.9627564 -37.81090175 0.0005
144.9633351 -37.81781705 0.0005
144.9543188 -37.7997296 0.0005
